

171717131717171717171717171704021803  

171717171717171717171717 >> С1717 >> 17171717  

 200117173171731171721:11  

 171717131717171717171717171704021803




    1703171717170402971705171717170117 171717051717171713171717171717171717171717171717171803171717μ17171705171717081717171717171717171707171709170903171717171706171709031717071717171717й171717121717171717171703171717171717170702170117170317 

    17131717191703171717171717171717171717171717171717081717170405171717171717171717171717171717171717051717171717171717051702171717171717171702171317173917171701170717171717170117 

    1717171717171701101717171717051717741717171717й17061717171717е17171717121717171717170917061717171708041717171709171704171717ò17171717091717171717й171703171707171703171717171717080517170817170317   

171717170517171717  
04BBS17171717  171900171717       

17171717171717171717 171717171717171717171717 17170017171717 171717171717 17170317171717 1717ICP080000061717 

1717 1717 1717 1717 1717 1717 07 1717 1717 1717 δ 1717 1717 1717 1717 07 1717 09 1717 1717 1717 1717 1717 1717 1717      